%23:00
N1m_23{1}=[];N1m_23{2}=[];N1m_23{3}=[];N1m_23{4}=[];N1m_23{5}=[];N1m_23{6}=[];N1m_23{7}=[87, 1];N1m_23{8}=[];N1m_23{9}=[];...
N1m_23{10}=[60, 3];N1m_23{11}=[];N1m_23{12}=[];N1m_23{13}=[];N1m_23{14}=[];N1m_23{15}=[];N1m_23{16}=[];N1m_23{17}=[];N1m_23{18}=[];...
N1m_23{19}=[];N1m_23{20}=[];N1m_23{21}=[];N1m_23{22}=[];N1m_23{23}=[];N1m_23{24}=[];N1m_23{25}=[];N1m_23{26}=[];N1m_23{27}=[];...
N1m_23{28}=[];N1m_23{29}=[];N1m_23{30}=[79, 1];N1m_23{31}=[];N1m_23{32}=[];N1m_23{33}=[];N1m_23{34}=[];N1m_23{35}=[];N1m_23{36}=[];...
N1m_23{37}=[];N1m_23{38}=[];N1m_23{39}=[];N1m_23{40}=[];N1m_23{41}=[];N1m_23{42}=[];N1m_23{43}=[];N1m_23{44}=[];N1m_23{45}=[];...
N1m_23{46}=[];N1m_23{47}=[]

%01:00
N1m_01{1}=[];N1m_01{2}=[];N1m_01{3}=[];N1m_01{4}=[];N1m_01{5}=[];N1m_01{6}=[65];N1m_01{7}=[];N1m_01{8}=[];N1m_01{9}=[];...
N1m_01{10}=[15, 3];N1m_01{11}=[];N1m_01{12}=[31];N1m_01{13}=[];N1m_01{14}=[66];N1m_01{15}=[];N1m_01{16}=[];N1m_01{17}=[31, 3];N1m_01{18}=[];...
N1m_01{19}=[];N1m_01{20}=[];N1m_01{21}=[55,];N1m_01{22}=[];N1m_01{23}=[];N1m_01{24}=[];N1m_01{25}=[];N1m_01{26}=[15, 2];N1m_01{27}=[30, 4];...
N1m_01{28}=[];N1m_01{29}=[];N1m_01{30}=[26, 2];N1m_01{31}=[];N1m_01{32}=[];N1m_01{33}=[];N1m_01{34}=[88, 2];N1m_01{35}=[];N1m_01{36}=[];...
N1m_01{37}=[48, 3MS];N1m_01{38}=[20,2MS];N1m_01{39}=[];N1m_01{40}=[];N1m_01{41}=[];N1m_01{42}=[];N1m_01{43}=[];N1m_01{44}=[74.5, 2MS];N1m_01{45}=[35, 4MS];...
N1m_01{46}=[];N1m_01{47}=[]4

%03:00
N1m_03{1}=[70, 1MS];N1m_03{2}=[];N1m_03{3}=[];N1m_03{4}=[76,1];N1m_03{5}=[69, 1];N1m_03{6}=[5, 2];N1m_03{7}=[45.5, 2];N1m_03{8}=[];N1m_03{9}=[98, 1];...
N1m_03{10}=[16];N1m_03{11}=[3,2];N1m_03{12}=[85, 1];N1m_03{13}=[];N1m_03{14}=[10, 3];N1m_03{15}=[79, 1];N1m_03{16}=[99, 1];N1m_03{17}=[21, 2];N1m_03{18}=[80, 2];...
N1m_03{19}=[];N1m_03{20}=[63, 2];N1m_03{21}=[25, 1];N1m_03{22}=[];N1m_03{23}=[];N1m_03{24}=[];N1m_03{25}=[];N1m_03{26}=[23, 2];N1m_03{27}=[30, 7];...
N1m_03{28}=[];N1m_03{29}=[];N1m_03{30}=[13, 6];N1m_03{31}=[];N1m_03{32}=[20, 1];N1m_03{33}=[];N1m_03{34}=[40, 2];N1m_03{35}=[15, 5];N1m_03{36}=[];...
N1m_03{37}=[53, 3];N1m_03{38}=[27, 3];N1m_03{39}=[20, 6];N1m_03{40}=[74, 1];N1m_03{41}=[];N1m_03{42}=[];N1m_03{43}=[];N1m_03{44}=[112, 1];N1m_03{45}=[27,1];...
N1m_03{46}=[];N1m_03{47}=[];

94
%05:00
N1m_05{1}=[];N1m_05{2}=[];N1m_05{3}=[];N1m_05{4}=[];N1m_05{5}=[];N1m_05{6}=[42, 3];N1m_05{7}=[];N1m_05{8}=[];N1m_05{9}=[];...
N1m_05{10}=[20, 2];N1m_05{11}=[33,3];N1m_05{12}=[24,2];N1m_05{13}=[42, 2];N1m_05{14}=[69, 1];N1m_05{15}=[23, 4];N1m_05{16}=[61, 4];N1m_05{17}=[93, 1];N1m_05{18}=[];...
N1m_05{19}=[33,3];N1m_05{20}=[45, 2];N1m_05{21}=[17, 3];N1m_05{22}=[];N1m_05{23}=[];N1m_05{24}=[];N1m_05{25}=[];N1m_05{26}=[];N1m_05{27}=[32, 2];...
N1m_05{28}=[];N1m_05{29}=[36,4];N1m_05{30}=[18, 4];N1m_05{31}=[];N1m_05{32}=[47,2];N1m_05{33}=[];N1m_05{34}=[28, 3];N1m_05{35}=[27, 4];N1m_05{36}=[];...
N1m_05{37}=[35,4];N1m_05{38}=[29, 2];N1m_05{39}=[20, 3];N1m_05{40}=[74, 1];N1m_05{41}=[27, 3];N1m_05{42}=[];N1m_05{43}=[];N1m_05{44}=[23, 2];N1m_05{45}=[78, 3];...
N1m_05{46}=[80, 1];N1m_05{47}=[];

%07:00
N1m_07{1}=[72, 2];N1m_07{2}=[];N1m_07{3}=[1];N1m_07{4}=[];N1m_07{5}=[99,1];N1m_07{6}=[70, 2];N1m_07{7}=[28, 3];N1m_07{8}=[];...
N1m_07{9}=[];N1m_07{10}=[];N1m_07{11}=[30, 3];N1m_07{12}=[64, 3];N1m_07{13}=[39, 1];N1m_07{14}=[41, 2];N1m_07{15}=[51, 4];N1m_07{16}=[30, 3];...
N1m_07{17}=[94, 1];N1m_07{18}=[];N1m_07{19}=[32,4];N1m_07{20}=[20, 2];N1m_07{21}=[54, 2];N1m_07{22}=[31, 3];N1m_07{23}=[];N1m_07{24}=[];...
N1m_07{25}=[25, 4];N1m_07{26}=[16, 5];N1m_07{27}=[38, 3];N1m_07{28}=[];N1m_07{29}=[37, 2];N1m_07{30}=[12, 5];N1m_07{31}=[];N1m_07{32}=[84, 2];...
N1m_07{33}=[];N1m_07{34}=[72, 3];N1m_07{35}=[16, 4];N1m_07{36}=[];N1m_07{37}=[54, 4];N1m_07{38}=[18, 4];N1m_07{39}=[50, 3];N1m_07{40}=[];...
N1m_07{41}=[];N1m_07{42}=[];N1m_07{42}=[];N1m_07{43}=[];N1m_07{44}=[24,3];N1m_07{45}=[13, 2];N1m_07{46}=[];N1m_07{47}=[];...
